-0.014576431613819274, 1.140012805879569
0.07152362128003109, 1.0691795885415216
0.14515186102836786, 0.8306450265861196
0.20950418974972862, 0.41738258957155994
0.2867180757774005, -0.0729378358063526
0.36395423289997486, -0.5772445087831626
0.4218368085521006, -0.9275020183179756
0.49853845939701025, -1.0961387489212435
0.5558308510342139, -1.0757606970852698
0.6318977756743965, -0.8457893711199569
0.6980986052726817, -0.419910358843016
0.7705242058962726, 0.09681244954205104
0.8398429887809361, 0.564616797973331
0.9124801648061024, 0.9484702541688708
0.97911528075499, 1.101617438267309
1.042810612176721, 1.100949305420228
1.1195790763063393, 0.8903538320202669
1.1838423206480888, 0.5330363854012976
1.2546087247014284, 0.0917346399042347
1.3319116951087109, -0.4545307758692685
1.399404248211353, -0.8398541243283866
1.469858856936054, -1.0853484034408836
1.5304585061663096, -1.141928120041201
1.6034186130675652, -0.9608752540296757
1.6792516912112694, -0.5840483282759381
1.7485259319061277, -0.0882714846468633
1.808245872887726, 0.4076055789092732
1.8744689735809135, 0.8194983435873169
1.9601124690292586, 1.0353832020266698
